11576,0
11576,10
11576,20
11576,30
11576,40
11576,50
11576,60
11576,70
11576,80
11576,90
11576,100
26656,110
26656,120
26656,130
26656,140
26656,150
26656,160
26656,170
26656,180
26656,190
26656,200
26656,210
43664,220
43664,230
43664,240
43664,250
43664,260
43664,270
43664,280
43664,290
43664,300
43664,310
63123,320
63123,330
63123,340
63123,350
63123,360
63123,370
63123,380
63123,390
63123,400
63123,410
63123,420
77459,430
77459,440
77459,450
77459,460
77459,470
77459,480
77459,490
77459,500
77459,510
77459,520
96409,530
96409,540
96409,550
96409,560
96409,570
96409,580
96409,590
96409,600
96409,610
96409,620
96409,630
112281,640
112281,650
112281,660
112281,670
112281,680
112281,690
112281,700
112281,710
112281,720
112281,730
129689,740
129689,750
129689,760
129689,770
129689,780
129689,790
129689,800
129689,810
129689,820
129689,830
129689,840
144022,850
144022,860
144022,870
144022,880
144022,890
144022,900
144022,910
144022,920
144022,930
144022,940
160639,950
160639,960
160639,970
160639,980
160639,990
